marker_positions:
- ID: 0
  height: -0.36510750565824396
  pitch: -0.013837035824470373
  roll: 0.014574053146014265
  width: -0.34282339708052845
  x: -1.0595554055569967
  y: 0.7103781541672949
  yaw: -0.0023378330936060137
  z: 1.7962303881493473
