image: map.pgm
resolution: 0.025000
origin: [-11.482347, -5.363504, 0.000000]
negate: 0
occupied_thresh: 0.65
free_thresh: 0.196

