marker_positions:
- ID: 0
  height: 0.6
  map: 0
  pitch: 0.0
  roll: 0.0
  sector: 0
  width: 0.4
  x: 36.918
  y: -5.029
  yaw: 1.57079632679
  z: 0.838
- ID: 1
  height: 0.5
  map: 0
  pitch: 0.0
  roll: 0.0
  sector: 0
  width: 1.0
  x: 40.163
  y: -5.029
  yaw: 1.57079632679
  z: 0.702
- ID: 2
  height: 1.0
  map: 0
  pitch: 0.0
  roll: 0.0
  sector: 0
  width: 1.0
  x: 42.037
  y: -5.029
  yaw: 1.57079632679
  z: 0.702
